
x=linspace(0,10,10);
y=linspace(0,7,10);

x1=x;
y1=(77-7*x1)/11;

x2=x;
y2=(80-10*x2)/8;

x3 = 9 + 0*x;
y3 = 0*x3;

x4=0*x;
y4=6 + 0*x4;

x5=x*0;
y5=y;

x6=x;
y6=x6*0;

